Genre,Year,Gross_Millions,cantidad,Movie_Count
Accion,2000,1193,3,43
Comedia,2000,1315,7,112
Drama,2000,1324,4,185
Ciencia Ficcion,2000,850,7,18
Terror,2000,350,5,25
Animacion,2000,620,3,12
Accion,2001,1234,3,45
Comedia,2001,1143,7,118
Drama,2001,1355,4,192
Ciencia Ficcion,2001,910,7,20
Terror,2001,410,5,28
Animacion,2001,710,3,14
Accion,2002,1434,3,50
Comedia,2002,1398,7,125
Drama,2002,1268,4,204
Ciencia Ficcion,2002,1100,7,21
Terror,2002,480,5,30
Animacion,2002,820,3,16
Accion,2003,1695,3,52
Comedia,2003,1588,7,130
Drama,2003,1152,4,210
Ciencia Ficcion,2003,1150,7,22
Terror,2003,510,5,32
Animacion,2003,910,3,17
Accion,2004,1512,3,55
Comedia,2004,1366,7,135
Drama,2004,1175,4,225
Ciencia Ficcion,2004,1180,7,24
Terror,2004,550,5,35
Animacion,2004,1100,3,19
Accion,2005,1521,3,58
Comedia,2005,1455,7,142
Drama,2005,1485,4,238
Ciencia Ficcion,2005,1200,7,22
Terror,2005,520,5,30
Animacion,2005,980,3,18
Accion,2006,1455,3,62
Comedia,2006,1602,7,150
Drama,2006,1344,4,250
Ciencia Ficcion,2006,1250,7,25
Terror,2006,580,5,35
Animacion,2006,1150,3,20
Accion,2007,1412,3,65
Comedia,2007,1498,7,155
Drama,2007,1333,4,265
Ciencia Ficcion,2007,1350,7,26
Terror,2007,610,5,38
Animacion,2007,1250,3,22
Accion,2008,1985,3,68
Comedia,2008,1422,7,162
Drama,2008,1245,4,280
Ciencia Ficcion,2008,1450,7,28
Terror,2008,650,5,40
Animacion,2008,1380,3,24
Accion,2009,1654,3,72
Comedia,2009,1466,7,168
Drama,2009,1411,4,295
Ciencia Ficcion,2009,1650,7,30
Terror,2009,720,5,42
Animacion,2009,1550,3,26
Accion,2010,1622,3,75
Comedia,2010,1388,7,175
Drama,2010,1354,4,310
Ciencia Ficcion,2010,1950,7,25
Terror,2010,550,5,35
Animacion,2010,1450,3,22
Accion,2011,1890,3,78
Comedia,2011,1254,7,180
Drama,2011,1211,4,325
Ciencia Ficcion,2011,2100,7,28
Terror,2011,620,5,38
Animacion,2011,1520,3,24
Accion,2012,1855,3,82
Comedia,2012,1211,7,185
Drama,2012,1355,4,340
Ciencia Ficcion,2012,2300,7,30
Terror,2012,680,5,40
Animacion,2012,1650,3,26
Accion,2013,1988,3,85
Comedia,2013,1122,7,190
Drama,2013,1322,4,355
Ciencia Ficcion,2013,2500,7,32
Terror,2013,710,5,42
Animacion,2013,1720,3,28
Accion,2014,1822,3,90
Comedia,2014,1011,7,198
Drama,2014,1288,4,370
Ciencia Ficcion,2014,2800,7,35
Terror,2014,750,5,45
Animacion,2014,1680,3,30
Accion,2015,2011,3,95
Comedia,2015,955,7,205
Drama,2015,1244,4,385
Ciencia Ficcion,2015,3400,7,30
Terror,2015,780,5,42
Animacion,2015,1600,3,25
Accion,2016,1988,3,100
Comedia,2016,844,7,212
Drama,2016,1211,4,400
Ciencia Ficcion,2016,3500,7,32
Terror,2016,820,5,45
Animacion,2016,1750,3,28
Accion,2017,2155,3,105
Comedia,2017,755,7,220
Drama,2017,1122,4,415
Ciencia Ficcion,2017,3300,7,35
Terror,2017,950,5,48
Animacion,2017,1850,3,30
Accion,2018,2244,3,110
Comedia,2018,622,7,228
Drama,2018,1055,4,430
Ciencia Ficcion,2018,3450,7,36
Terror,2018,1020,5,52
Animacion,2018,1950,3,32
Accion,2019,2355,3,115
Comedia,2019,655,7,235
Drama,2019,988,4,445
Ciencia Ficcion,2019,3600,7,32
Terror,2019,1100,5,40
Animacion,2019,2200,3,30
Accion,2020,688,3,38
Comedia,2020,188,7,65
Drama,2020,211,4,120
Ciencia Ficcion,2020,880,7,15
Terror,2020,290,5,25
Animacion,2020,410,3,10
Accion,2021,1455,3,62
Comedia,2021,322,7,95
Drama,2021,411,4,180
Ciencia Ficcion,2021,1200,7,20
Terror,2021,650,5,32
Animacion,2021,850,3,15
Accion,2022,1988,3,85
Comedia,2022,488,7,120
Drama,2022,655,4,210
Ciencia Ficcion,2022,2100,7,28
Terror,2022,820,5,38
Animacion,2022,1550,3,22
Accion,2023,2122,3,98
Comedia,2023,711,7,140
Drama,2023,844,4,245
Ciencia Ficcion,2023,3100,7,33
Terror,2023,1240,5,50
Animacion,2023,2250,3,31
